"","i","j","x"
"1",0,0,13494.6029354082
"2",13,0,147.864131691948
"3",19,0,-1056.15043898641
"4",25,0,1504.98483525873
"5",29,0,148.884992571526
"6",34,0,-25731.9284986458
"7",48,0,0.450092740282348
"8",63,0,5.39920210279634
"9",69,0,50.3465100790356
"10",71,0,132.958986672452
"11",96,0,13509.0938395534
"12",103,0,471.340053908156
"13",104,0,-1276.75727042119
"14",106,0,22.2166856329197
"15",108,0,207.382151517273
"16",144,0,-2953.5403291809
"17",173,0,55.7728316742431
"18",175,0,1279.42753692974
"19",177,0,0.210541815412519
"20",192,0,4.86663434162317
"21",200,0,-1.63862669760398
"22",201,0,-60.169144579734
"23",202,0,0.194592784022513
"24",215,0,44.1877538298561
"25",1,1,5629.78167486692
"26",11,1,-5718.23586733651
"27",18,1,80.7864634944728
"28",22,1,163.438948513342
"29",31,1,-205.801311572936
"30",44,1,1912.26010755125
"31",53,1,13.4414298086153
"32",68,1,75.6364405166766
"33",101,1,41.1298179833094
"34",111,1,83.8452449346957
"35",115,1,-2947.85469412191
"36",117,1,-334.828922130097
"37",123,1,90.8088433547336
"38",124,1,0.0322133385321112
"39",128,1,170.331285669433
"40",135,1,-17.9799729668692
"41",141,1,478.275434459089
"42",165,1,0.639140164352771
"43",185,1,-358.234427720144
"44",188,1,15.3076474188079
"45",189,1,810.358316401794
"46",199,1,0.801709771121239
"47",204,1,0.901655125168964
"48",205,1,15.1588224761483
"49",2,2,2608.91700130102
"50",17,2,82.9330573465206
"51",21,2,16.8339790762738
"52",41,2,228.664937163534
"53",42,2,39.4519357715217
"54",60,2,6.95225307808043
"55",61,2,2.08332711510327
"56",77,2,168.908155448125
"57",78,2,-549.296000314647
"58",80,2,-396.226310282925
"59",82,2,11.2125125450615
"60",86,2,20.13054147577
"61",88,2,31.9712580746534
"62",94,2,-485.001686680863
"63",99,2,92.8727568466603
"64",112,2,99.4742850819443
"65",114,2,-819.99489288975
"66",147,2,-937.963441601536
"67",149,2,188.070268138237
"68",158,2,-721.044027708583
"69",166,2,5.1647917625973
"70",178,2,261.797398043446
"71",197,2,44.0879012097579
"72",3,3,18478.956590585
"73",7,3,135.215972213622
"74",24,3,-24924.6933160427
"75",33,3,7965.8423074708
"76",40,3,14.7711616510637
"77",42,3,-496.086270489294
"78",50,3,79.1193282254339
"79",52,3,43.0442265647644
"80",75,3,3.29252049085891
"81",76,3,36.2017091672137
"82",77,3,2.1532228156659
"83",78,3,3.94916410937454
"84",89,3,139.989589077193
"85",110,3,115.468682028227
"86",114,3,5.76132708926109
"87",126,3,5668.81361224002
"88",133,3,23.6716321265539
"89",137,3,-6862.69901062235
"90",140,3,345.526758904844
"91",149,3,667.092714659691
"92",150,3,-618.649710288363
"93",151,3,-848.449507979594
"94",170,3,21.7072960027594
"95",4,4,138331.710112615
"96",5,4,29.0214321914685
"97",15,4,6.36395346907319
"98",30,4,-112159.579355044
"99",43,4,651.308836609489
"100",53,4,3179.6673404427
"101",62,4,-1797.07471934898
"102",87,4,2.33130026838792
"103",105,4,2.46801716168451
"104",111,4,4915.47629437017
"105",138,4,10.9261320089312
"106",153,4,331.642014152689
"107",154,4,-33677.4277652549
"108",165,4,1938.91183291156
"109",183,4,-2039.09546358316
"110",199,4,273.350037030262
"111",4,5,29.0214321914685
"112",5,5,9819.69175533893
"113",15,5,23.3931124278567
"114",30,5,112.232706168728
"115",31,5,35.438503689388
"116",38,5,20.2052099376202
"117",53,5,-2845.80342534183
"118",61,5,366.308646854411
"119",62,5,-2123.98997131612
"120",72,5,3.66473052296307
"121",86,5,184.163772389639
"122",87,5,143.909687650756
"123",91,5,0.146127493990294
"124",105,5,9.07212838964609
"125",111,5,75.9779552338622
"126",138,5,-730.629501733506
"127",153,5,111.504990855247
"128",182,5,-5412.55554915024
"129",183,5,121.133061591167
"130",188,5,57.1146268060135
"131",6,6,35409.0343112802
"132",8,6,-16593.0787512447
"133",18,6,224.216992048234
"134",20,6,4.81395105491503
"135",45,6,40.1302633832522
"136",107,6,273.178594239893
"137",115,6,34.023426310204
"138",120,6,-4260.14761460078
"139",128,6,-5229.44989375887
"140",132,6,9.89222131191789
"141",146,6,798.014323459253
"142",152,6,-11662.2533102387
"143",185,6,24.4554493131158
"144",189,6,9.79807288103691
"145",190,6,271.389440748268
"146",194,6,645.982523812708
"147",3,7,135.215972213622
"148",7,7,116948.329122687
"149",13,7,198.034556244183
"150",42,7,159.288376276006
"151",75,7,78.6083236150969
"152",89,7,-12527.2051370372
"153",92,7,-32740.6895049654
"154",110,7,-18724.3602963168
"155",150,7,-58486.2656336064
"156",151,7,362.614149764403
"157",163,7,1002.47673939167
"158",170,7,3593.95333173366
"159",6,8,-16593.0787512447
"160",8,8,11222.9434671279
"161",18,8,-736.326463681458
"162",20,8,27.7259484955673
"163",28,8,188.789974861218
"164",57,8,4.58708451284786
"165",107,8,-956.724159137004
"166",115,8,1.61643460465982
"167",119,8,55.5011460897063
"168",120,8,1257.83828500925
"169",123,8,236.855238371372
"170",128,8,2046.1686379657
"171",132,8,6.59896921589769
"172",146,8,17.1970666637604
"173",152,8,4288.10277718716
"174",167,8,116.546580788573
"175",172,8,263.654341299542
"176",185,8,54.4983667287024
"177",189,8,0.465501149692764
"178",190,8,75.3231376210648
"179",194,8,-1578.28358362951
"180",9,9,418369.490524224
"181",15,9,3437.51569229638
"182",48,9,-213825.660982321
"183",72,9,162.834009240027
"184",83,9,268.400012509403
"185",91,9,245.799932612276
"186",95,9,44.7309341383218
"187",127,9,-196359.055471542
"188",156,9,-14333.2612576166
"189",177,9,0.297462729854615
"190",192,9,1110.11919738568
"191",195,9,722.615754816491
"192",201,9,67.0898606735211
"193",202,9,89.0843308540528
"194",10,10,34385.3374622003
"195",39,10,1204.03174354424
"196",70,10,143.357744791968
"197",74,10,154.712648123247
"198",79,10,42.9171487489018
"199",81,10,134.56790280525
"200",93,10,1392.81227902817
"201",116,10,-2703.23214001142
"202",129,10,9.94026021235202
"203",130,10,277.560129869803
"204",132,10,19.8339185556536
"205",148,10,2266.39480749708
"206",169,10,796.87400475263
"207",171,10,-30718.9314146939
"208",180,10,-8796.87150696945
"209",186,10,554.205188445284
"210",187,10,826.60164262224
"211",190,10,2.85140705211606
"212",193,10,7.03677342552826
"213",1,11,-5718.23586733651
"214",11,11,32653.2055473883
"215",31,11,-791.95084814301
"216",44,11,-49444.598303691
"217",51,11,119.205590025058
"218",53,11,7.21582256795781
"219",101,11,31.339081986905
"220",111,11,44.9344785493508
"221",112,11,97.8836403003339
"222",115,11,-2497.62876609757
"223",117,11,32.9991684620138
"224",128,11,62.7312025020168
"225",135,11,33.001274567941
"226",141,11,9810.20459530776
"227",146,11,0.665306006797948
"228",185,11,262.612856317369
"229",188,11,33.4442802862343
"230",189,11,15262.970941
"231",12,12,5916.60694875315
"232",16,12,21.294558711577
"233",25,12,105.453504762852
"234",47,12,-441.316489958319
"235",55,12,68.918868150676
"236",63,12,-224.837961917094
"237",66,12,733.198796828608
"238",96,12,3.4386491102736
"239",98,12,-4010.07043507875
"240",102,12,2.67620471922827
"241",106,12,608.507575803721
"242",108,12,5.02182988387665
"243",109,12,0.934825730045941
"244",122,12,-4167.41727766767
"245",136,12,1440.01863917051
"246",157,12,9.09134466469154
"247",173,12,64.1669852190812
"248",212,12,-10.3202382384471
"249",213,12,-364.560278917157
"250",214,12,228.937791395386
"251",215,12,10.2561588737498
"252",0,13,147.864131691948
"253",7,13,198.034556244183
"254",13,13,2999.95213996524
"255",19,13,-716.226938972867
"256",42,13,32.8752073749218
"257",47,13,10.7215826500243
"258",64,13,505.507799993861
"259",66,13,101.57388045438
"260",67,13,4.16764244509046
"261",69,13,136.360975014358
"262",71,13,-198.090144419916
"263",75,13,-324.558135123814
"264",76,13,54.4956982860984
"265",82,13,2.80544249729826
"266",89,13,-55.2273577396966
"267",92,13,-280.423870320737
"268",96,13,107.899458640699
"269",104,13,178.075750739811
"270",108,13,-2100.12018686083
"271",110,13,126.215062090004
"272",150,13,51.9622845024042
"273",157,13,7.62358421709967
"274",163,13,-2109.84771175078
"275",170,13,641.600951122132
"276",173,13,453.935616840811
"277",175,13,22.8225804182732
"278",14,14,5672.95012077631
"279",26,14,322.504270267013
"280",27,14,932.272833570249
"281",32,14,-1335.12374908033
"282",37,14,4958.48630595709
"283",84,14,292.101841611075
"284",90,14,672.956620952993
"285",125,14,326.811343308394
"286",129,14,46.9953070648971
"287",131,14,1019.15247462138
"288",142,14,223.464434925203
"289",155,14,-5540.15920525381
"290",159,14,-3853.74910959235
"291",160,14,-2148.40644932206
"292",168,14,-662.771511634539
"293",179,14,628.810401374872
"294",181,14,-1754.06082441389
"295",211,14,9.3809517171407
"296",212,14,188.383943150365
"297",4,15,6.36395346907319
"298",5,15,23.3931124278567
"299",9,15,3437.51569229638
"300",15,15,4569.58080088999
"301",30,15,2.09158905234876
"302",48,15,2097.70431280861
"303",53,15,5.27847349237911
"304",54,15,169.436247816314
"305",62,15,-208.150380200598
"306",72,15,282.929164619715
"307",83,15,135.601840890352
"308",87,15,-3753.22666118507
"309",91,15,780.821878865519
"310",95,15,24.5504616768428
"311",105,15,-1390.71363160728
"312",127,15,-7131.65979968029
"313",138,15,1030.21080771564
"314",153,15,343.681427418189
"315",156,15,-204.549845963662
"316",183,15,26.5626162915275
"317",192,15,17.581923956425
"318",195,15,-290.127418305514
"319",198,15,25.1234332552456
"320",12,16,21.294558711577
"321",16,16,63036.5595367147
"322",49,16,2093.03280885296
"323",50,16,433.855129041799
"324",52,16,-2653.3013143999
"325",55,16,-63098.9260410919
"326",64,16,59.4439019694884
"327",66,16,136.438413881649
"328",102,16,1400.82352339574
"329",109,16,-11062.4503670108
"330",122,16,7.42092883183941
"331",136,16,9131.52724726267
"332",151,16,49.6297851863115
"333",157,16,2677.95777006205
"334",170,16,28.278950483552
"335",212,16,-24.5511179092861
"336",213,16,-2259.1883198725
"337",214,16,22.1546058899507
"338",2,17,82.9330573465206
"339",17,17,8600.9281838866
"340",21,17,22.0163775829155
"341",41,17,95.6218078854587
"342",53,17,31.2000857352005
"343",60,17,9.0925281613743
"344",61,17,216.299739738265
"345",80,17,-1180.80903142979
"346",82,17,11.4338690422434
"347",86,17,-2560.77828853158
"348",94,17,-1137.41661620971
"349",112,17,103.052263020312
"350",158,17,253.939531640163
"351",166,17,-27129.1616579179
"352",182,17,92.8025395272278
"353",188,17,22488.8456105227
"354",1,18,80.7864634944728
"355",6,18,224.216992048234
"356",8,18,-736.326463681458
"357",18,18,11181.4879836192
"358",22,18,186.272968939728
"359",28,18,-1864.54349912339
"360",35,18,2153.18095063111
"361",100,18,472.386463198055
"362",107,18,-37.7558335140889
"363",115,18,81.6386895184937
"364",117,18,54.7975253454773
"365",119,18,348.624774580692
"366",120,18,36.4446385396499
"367",123,18,-11769.1430684735
"368",128,18,-644.226096472534
"369",146,18,153.585997801432
"370",152,18,49.908355921573
"371",167,18,50.5993486871238
"372",172,18,4.55061965258661
"373",185,18,-130.0817688848
"374",189,18,4.15736357549499
"375",194,18,99.4375945965413
"376",0,19,-1056.15043898641
"377",13,19,-716.226938972867
"378",19,19,4218.43352101356
"379",25,19,3.55268879028083
"380",34,19,1481.42005642295
"381",47,19,5.71612285163494
"382",63,19,20.3360957392032
"383",64,19,49.4007530682979
"384",66,19,2.7467087384325
"385",69,19,56.7738096049294
"386",71,19,154.105833985618
"387",75,19,41.9985939924573
"388",89,19,10.469414706894
"389",92,19,18.8096431503562
"390",96,19,-1829.25170240619
"391",104,19,-4213.61075931628
"392",108,19,-1441.23747640304
"393",144,19,364.659448062959
"394",163,19,42.0045232518824
"395",173,19,452.080389635879
"396",175,19,2292.25978338702
"397",200,19,35.402286878151
"398",201,19,6.30764280426961
"399",6,20,4.81395105491503
"400",8,20,27.7259484955673
"401",20,20,9168.5562393354
"402",39,20,10.7205624021824
"403",57,20,4015.18378678269
"404",59,20,15.7339494593458
"405",93,20,1317.02164902061
"406",107,20,9.46593366432027
"407",113,20,818.617007837043
"408",120,20,23.8437387947474
"409",121,20,-17013.7966795595
"410",132,20,-7162.52412055809
"411",152,20,4.73515169545334
"412",169,20,37.2484876995407
"413",171,20,17.6807651157773
"414",172,20,58.7142782203965
"415",176,20,8652.65795587511
"416",190,20,238.606991901052
"417",194,20,-255.437226957283
"418",208,20,9.1951995620789
"419",209,20,1.23643015860428
"420",2,21,16.8339790762738
"421",17,21,22.0163775829155
"422",21,21,18035.9259205031
"423",38,21,229.674481258539
"424",40,21,265.735025562452
"425",41,21,129.81042823815
"426",46,21,69.1694972343724
"427",60,21,-5136.24831399065
"428",61,21,767.456636273983
"429",67,21,-6339.30495878444
"430",69,21,45.2879841279092
"431",75,21,52.3603074778302
"432",76,21,107.529619516178
"433",77,21,185.603477200752
"434",80,21,5.24269901954704
"435",82,21,-7507.31525300239
"436",86,21,11.937725920802
"437",94,21,-961.715633215279
"438",1,22,163.438948513342
"439",18,22,186.272968939728
"440",22,22,7393.53648489942
"441",23,22,-738.990113349546
"442",28,22,20.4824308392903
"443",35,22,-1611.1747055231
"444",68,22,-1591.53706404578
"445",85,22,37.2968189129384
"446",100,22,223.606898822104
"447",115,22,51.8994659855164
"448",117,22,-5430.43434433595
"449",118,22,432.652767038845
"450",123,22,87.9429538771422
"451",128,22,15.9334968343096
"452",135,22,1612.66517498672
"453",185,22,-878.547588257374
"454",205,22,24.9554058623987
"455",22,23,-738.990113349546
"456",23,23,7950.61531140765
"457",28,23,212.195205823839
"458",35,23,-2730.59416969088
"459",59,23,16.7252945294557
"460",68,23,506.677234216481
"461",85,23,233.529680201534
"462",100,23,-1354.52222695943
"463",117,23,232.613082350822
"464",118,23,-5577.32983502071
"465",119,23,436.284108806983
"466",123,23,604.959620533027
"467",135,23,22.9165173677215
"468",185,23,67.8079895996243
"469",205,23,82.4891389746399
"470",206,23,12.5281101241337
"471",207,23,12.0177571010348
"472",208,23,10.0772939836229
"473",3,24,-24924.6933160427
"474",24,24,81955.0630408241
"475",33,24,-38375.1367498855
"476",42,24,521.191006566404
"477",126,24,-9405.02723931399
"478",134,24,10.1599748139185
"479",137,24,-14149.7587941789
"480",140,24,239.499246490228
"481",149,24,3610.12802681149
"482",150,24,79.7627003375314
"483",151,24,395.795990087712
"484",162,24,19.611193271393
"485",178,24,23.4049202182966
"486",0,25,1504.98483525873
"487",12,25,105.453504762852
"488",19,25,3.55268879028083
"489",25,25,21302.2365952333
"490",34,25,-6424.31984190446
"491",47,25,231.614711610191
"492",63,25,-15296.1766322803
"493",96,25,2587.99636701217
"494",106,25,-5686.6920846513
"495",108,25,2.23643435224577
"496",122,25,716.638969862821
"497",173,25,1705.6299231835
"498",200,25,-945.908288662756
"499",201,25,-11.5116928470615
"500",215,25,204.264510279771
"501",14,26,322.504270267013
"502",26,26,38620.5886151437
"503",32,26,-2957.75358246681
"504",37,26,1172.14393770672
"505",58,26,95.8413328278587
"506",102,26,386.360542096164
"507",125,26,-5585.41311364599
"508",142,26,750.573630352627
"509",159,26,23.1443768890881
"510",160,26,-4845.69268097328
"511",174,26,-6160.44050540434
"512",179,26,-21833.2175252211
"513",212,26,11.3607024283875
"514",14,27,932.272833570249
"515",27,27,205205.159904013
"516",32,27,102.477868908274
"517",65,27,7.58034075530131
"518",70,27,-842.025076052871
"519",74,27,44.1957370862865
"520",84,27,3699.75536236355
"521",90,27,10.6386732551537
"522",113,27,24.5129128067121
"523",129,27,-1654.99752286637
"524",130,27,-3620.73038727481
"525",131,27,-286273.338713322
"526",142,27,320.173248039215
"527",148,27,150.54666599233
"528",159,27,33453.8687186144
"529",168,27,47470.4770345713
"530",169,27,77.1810301239164
"531",180,27,56.3973406346407
"532",186,27,17.3329677960578
"533",187,27,794.082767053065
"534",209,27,12.1314604251741
"535",210,27,10.3087206604439
"536",211,27,1.9981128473522
"537",8,28,188.789974861218
"538",18,28,-1864.54349912339
"539",22,28,20.4824308392903
"540",23,28,212.195205823839
"541",28,28,13135.4233810128
"542",35,28,-61.4861894140748
"543",59,28,594.745100454938
"544",85,28,87.8543211876268
"545",100,28,-2815.98912011919
"546",107,28,-3829.56870384224
"547",119,28,-6955.57583255048
"548",123,28,56.6513931691823
"549",128,28,37.7832595321693
"550",167,28,948.587460897382
"551",172,28,24.9300384967231
"552",185,28,112.254160517473
"553",194,28,107.466618256768
"554",0,29,148.884992571526
"555",29,29,7077.30212630603
"556",38,29,12.6434277322118
"557",46,29,-4687.87121769423
"558",67,29,146.322923940419
"559",69,29,-677.833872780896
"560",71,29,277.963902202897
"561",75,29,33.7007902199268
"562",95,29,6.23967078006381
"563",103,29,-1413.98909512826
"564",104,29,36.4497555972675
"565",144,29,-928.137361650136
"566",145,29,-1841.40791470591
"567",164,29,240.996010715225
"568",175,29,77.6311753262897
"569",177,29,837.900189621477
"570",184,29,499.933855215575
"571",201,29,153.270641730514
"572",4,30,-112159.579355044
"573",5,30,112.232706168728
"574",15,30,2.09158905234876
"575",30,30,102008.380114745
"576",31,30,489.041094936331
"577",43,30,18.4251315783951
"578",53,30,-4182.31918499446
"579",62,30,1017.59029901312
"580",86,30,11.211092992898
"581",87,30,0.766209580694507
"582",101,30,45.1028846160996
"583",105,30,0.811143214901598
"584",111,30,-7146.12403887967
"585",138,30,3.5910033292129
"586",153,30,9.96971304585195
"587",154,30,18378.88847313
"588",165,30,217.250375622524
"589",182,30,15.9755012852882
"590",183,30,1110.52510560482
"591",188,30,36.6935333173051
"592",199,30,9.47660768438886
"593",1,31,-205.801311572936
"594",5,31,35.438503689388
"595",11,31,-791.95084814301
"596",30,31,489.041094936331
"597",31,31,2157.0835686353
"598",44,31,297.855780938272
"599",51,31,5.15603463164673
"600",53,31,49.7560265643714
"601",62,31,5.51024569359984
"602",86,31,7.95643994794535
"603",101,31,-389.884564840756
"604",111,31,-2219.01620692989
"605",112,31,27.0462843669331
"606",115,31,175.813384604735
"607",117,31,9.39694742942251
"608",124,31,1.01905876022106
"609",135,31,32.6372814317374
"610",141,31,56.7169807523138
"611",154,31,58.5889392281234
"612",165,31,235.988740743989
"613",166,31,918.871088241925
"614",182,31,5.51293441056905
"615",185,31,33.0241080621623
"616",188,31,-1065.60057094541
"617",189,31,0.533875837087916
"618",199,31,25.3618346512429
"619",204,31,28.5235742667814
"620",205,31,15.4207746079084
"621",14,32,-1335.12374908033
"622",26,32,-2957.75358246681
"623",27,32,102.477868908274
"624",32,32,10012.3170329839
"625",37,32,921.235123042041
"626",58,32,3.81738671443891
"627",65,32,100.520452231172
"628",90,32,24.1388811376824
"629",125,32,-13977.5006114055
"630",129,32,220.445183850972
"631",131,32,90.7094806498632
"632",142,32,394.052715143532
"633",155,32,72.5130160669664
"634",159,32,-234.888207639078
"635",160,32,-3744.64616200753
"636",168,32,46.4352059353937
"637",174,32,7650.59183753014
"638",179,32,2491.62565332771
"639",181,32,119.032475077124
"640",3,33,7965.8423074708
"641",24,33,-38375.1367498855
"642",33,33,36770.6818681387
"643",40,33,14.7699988956045
"644",42,33,-1314.00370502103
"645",75,33,3.29226131041897
"646",76,33,36.1988594431392
"647",77,33,2.15305331839528
"648",78,33,670.677123321211
"649",89,33,39.3788909293283
"650",114,33,5.76087356944434
"651",126,33,2503.79157791991
"652",134,33,6.43987666436317
"653",137,33,5385.17265994788
"654",140,33,83.9873202689855
"655",147,33,280.436749746157
"656",149,33,-14423.2744058667
"657",150,33,20.0677146936299
"658",151,33,62.1217464873849
"659",162,33,12.4305097425779
"660",178,33,249.211468905298
"661",0,34,-25731.9284986458
"662",19,34,1481.42005642295
"663",25,34,-6424.31984190446
"664",34,34,110683.032717125
"665",63,34,1738.61203164915
"666",96,34,-88649.9445960188
"667",104,34,99.3760609422604
"668",106,34,491.583194459106
"669",108,34,797.506804845452
"670",144,34,628.97960823164
"671",173,34,6139.68182928913
"672",200,34,-1300.79705773019
"673",201,34,28.756728883927
"674",215,34,18.0409624505271
"675",18,35,2153.18095063111
"676",22,35,-1611.1747055231
"677",23,35,-2730.59416969088
"678",28,35,-61.4861894140748
"679",35,35,7342.19749070783
"680",59,35,18.2514704655789
"681",68,35,192.552874422024
"682",85,35,144.986645233808
"683",100,35,-1718.60146608473
"684",107,35,53.0175077596001
"685",117,35,358.922836207572
"686",118,35,649.380861264381
"687",119,35,521.446168074031
"688",123,35,-5961.89339261846
"689",185,35,649.813118565319
"690",36,36,158002.675963981
"691",58,36,2009.16957600032
"692",65,36,-44737.6536490461
"693",74,36,924.383369729566
"694",79,36,4743.73182827734
"695",116,36,2.35808112306
"696",129,36,45.5368783656871
"697",142,36,626.705030731719
"698",143,36,-21518.4741356252
"699",161,36,647.864456991106
"700",186,36,11.5417439337002
"701",191,36,-100757.839144463
"702",14,37,4958.48630595709
"703",26,37,1172.14393770672
"704",32,37,921.235123042041
"705",37,37,805757.999799009
"706",90,37,10.8521719295372
"707",102,37,259.521003999069
"708",155,37,-813568.968804035
"709",159,37,60.7174003785739
"710",160,37,-22350.2655534132
"711",168,37,8.99311870390792
"712",174,37,262.805973999392
"713",179,37,-27406.6689934297
"714",181,37,51996.4926417059
"715",211,37,7.14012647985224
"716",212,37,-2080.88032285035
"717",213,37,-9.60392918265592
"718",5,38,20.2052099376202
"719",21,38,229.674481258539
"720",29,38,12.6434277322118
"721",38,38,5404.86619845167
"722",46,38,1543.88195601104
"723",60,38,-887.483645625675
"724",61,38,55.4076633559853
"725",62,38,13.522547513778
"726",67,38,-182.650349557575
"727",69,38,9.69383496984263
"728",72,38,-1101.06254494262
"729",75,38,3.41705400565423
"730",82,38,49.9509981520765
"731",86,38,32.6493556382802
"732",87,38,77.5392649323548
"733",91,38,342.699735317463
"734",94,38,19.0793051599417
"735",95,38,232.577864751292
"736",138,38,-310.671796000006
"737",145,38,742.550621695958
"738",156,38,121.723226607872
"739",164,38,3586.02866704691
"740",182,38,80.72010047434
"741",184,38,-10096.9631768869
"742",10,39,1204.03174354424
"743",20,39,10.7205624021824
"744",39,39,3330.50655811532
"745",57,39,198.785401489106
"746",70,39,1864.01433630249
"747",93,39,-255.075075972433
"748",113,39,-462.745964352327
"749",116,39,53.8394443586649
"750",120,39,6.31703122744708
"751",121,39,1580.6289596858
"752",132,39,-339.779686285922
"753",148,39,441.33581554968
"754",169,39,-3778.48349151057
"755",171,39,-1836.70433436313
"756",176,39,-2214.00186443079
"757",190,39,34.2519565305567
"758",193,39,2.19517630200449
"759",194,39,4.49316056500358
"760",209,39,155.670270842677
"761",3,40,14.7711616510637
"762",21,40,265.735025562452
"763",33,40,14.7699988956045
"764",40,40,21499.0138053761
"765",41,40,1208.21920589641
"766",42,40,-334.801618908679
"767",67,40,228.01396179679
"768",75,40,1549.3026585295
"769",76,40,-13934.7508545951
"770",77,40,-8954.87832161558
"771",78,40,4.46153822287788
"772",82,40,-2284.16755106149
"773",89,40,44.4915058648504
"774",94,40,22.6740194359873
"775",114,40,654.700838321351
"776",149,40,1.4337533548613
"777",150,40,1.01087327303059
"778",2,41,228.664937163534
"779",17,41,95.6218078854587
"780",21,41,129.81042823815
"781",40,41,1208.21920589641
"782",41,41,9913.99500693193
"783",42,41,115.1377213188
"784",60,41,17.9061742160053
"785",61,41,5.36580269058142
"786",67,41,74.1809611991459
"787",75,41,3.41594639766232
"788",76,41,12.6464850019408
"789",77,41,-5707.96699684721
"790",78,41,868.869320482611
"791",80,41,25.3835626363706
"792",82,41,-275.121148454042
"793",86,41,51.8480812880858
"794",94,41,-2708.04498356131
"795",114,41,-4068.10617822186
"796",147,41,4.63029903298895
"797",158,41,3.54356670475116
"798",2,42,39.4519357715217
"799",3,42,-496.086270489294
"800",7,42,159.288376276006
"801",13,42,32.8752073749218
"802",24,42,521.191006566404
"803",33,42,-1314.00370502103
"804",40,42,-334.801618908679
"805",41,42,115.1377213188
"806",42,42,2254.40564345542
"807",67,42,0.896590373192677
"808",69,42,4.70668079523286
"809",71,42,5.02494154660832
"810",75,42,667.860976837007
"811",76,42,-1962.14783788866
"812",77,42,338.38094442498
"813",78,42,-36.0345776781264
"814",82,42,287.658047307305
"815",89,42,-1609.79257802359
"816",92,42,219.858174594654
"817",110,42,10.4892566412675
"818",114,42,-247.329801367555
"819",126,42,85.0346363847822
"820",137,42,186.91434476242
"821",147,42,17.2806322569048
"822",149,42,580.22332188234
"823",150,42,411.927989626127
"824",151,42,59.0255915344471
"825",178,42,2.56436964659513
"826",4,43,651.308836609489
"827",30,43,18.4251315783951
"828",43,43,7833.84455646798
"829",54,43,59.8747645188694
"830",56,43,-18105.5724624966
"831",62,43,711.802047495785
"832",101,43,146.959414005653
"833",105,43,127.860477352827
"834",111,43,25.5993599882599
"835",124,43,3104.82552095923
"836",153,43,1760.07399595311
"837",154,43,-1552.52866879042
"838",165,43,546.718725420621
"839",183,43,-5759.30149022608
"840",198,43,11701.2644393992
"841",199,43,-1377.77746912633
"842",204,43,106.622820890004
"843",1,44,1912.26010755125
"844",11,44,-49444.598303691
"845",31,44,297.855780938272
"846",44,44,114107.061379271
"847",51,44,1064.83590931034
"848",112,44,252.387381202207
"849",115,44,1884.4596561411
"850",128,44,69.3134656228113
"851",141,44,-29109.7659883371
"852",146,44,474.47270348223
"853",188,44,65.0453688032786
"854",189,44,-41573.3274602943
"855",6,45,40.1302633832522
"856",45,45,15470.7295012409
"857",51,45,4837.10628729975
"858",80,45,24.6731674682439
"859",88,45,-7290.93256014282
"860",93,45,0.116019842479904
"861",97,45,-15050.5504974478
"862",99,45,-7264.02378556042
"863",112,45,526.11963684451
"864",120,45,17.6498216615525
"865",128,45,369.846458280693
"866",132,45,0.142991339491042
"867",141,45,31.8415658419376
"868",146,45,177.533405722795
"869",152,45,-106.920493697984
"870",158,45,974.691338523899
"871",166,45,0.45705818670283
"872",188,45,17.8607555152086
"873",189,45,64.3703079320821
"874",190,45,92.3980109510618
"875",193,45,0.99657469072213
"876",197,45,7065.76417212376
"877",21,46,69.1694972343724
"878",29,46,-4687.87121769423
"879",38,46,1543.88195601104
"880",46,46,6824.9348509717
"881",60,46,35.2856229958889
"882",61,46,0.910651271020105
"883",67,46,-451.315013325619
"884",69,46,-760.622649929343
"885",71,46,359.407182186453
"886",72,46,2.68760101001252
"887",75,46,47.3973741932281
"888",82,46,55.8745025434391
"889",95,46,5.11794358299603
"890",103,46,340.447111816261
"891",138,46,1.01678976295641
"892",144,46,366.265179832146
"893",145,46,-722.540191962349
"894",164,46,2678.17706582116
"895",175,46,9.04277645395836
"896",177,46,245.733437420431
"897",184,46,-5963.00047019552
"898",12,47,-441.316489958319
"899",13,47,10.7215826500243
"900",19,47,5.71612285163494
"901",25,47,231.614711610191
"902",47,47,7980.66477776785
"903",63,47,-554.277828372652
"904",64,47,926.886420651726
"905",66,47,-5067.00916596525
"906",96,47,56.9727414613318
"907",98,47,-6443.54079619816
"908",106,47,14.4403401942246
"909",108,47,-1.27614953362242
"910",122,47,341.084037520141
"911",136,47,2865.74189556847
"912",157,47,168.041530986122
"913",173,47,-154.295067694417
"914",213,47,59.8313364607054
"915",0,48,0.450092740282348
"916",9,48,-213825.660982321
"917",15,48,2097.70431280861
"918",48,48,149010.532452037
"919",54,48,408.873333229714
"920",83,48,-834.039916330275
"921",95,48,466.822660801033
"922",103,48,4.448598526853
"923",105,48,126.924908421407
"924",127,48,54187.3131647856
"925",144,48,0.489634634610251
"926",156,48,12103.1921435635
"927",177,48,99.9241445212892
"928",192,48,-3528.41995572522
"929",195,48,-451.742594004534
"930",200,48,-1.20371987117798
"931",201,48,187.540259417949
"932",202,48,-107.812420787561
"933",203,48,54.6638835522136
"934",16,49,2093.03280885296
"935",49,49,69002.0033051809
"936",50,49,-186.437570480762
"937",52,49,528.102631830659
"938",58,49,34.1795131030959
"939",102,49,3372.99995846829
"940",109,49,-51285.3501016242
"941",133,49,343.984372526018
"942",139,49,-7539.32565471193
"943",140,49,31.0240324298853
"944",151,49,23.6176769997074
"945",157,49,0.706462099528659
"946",162,49,197.257774255435
"947",170,49,0.188221532418296
"948",174,49,1.91126276108346
"949",179,49,4.15258948774526
"950",196,49,-16673.8785350645
"951",212,49,8.03665576514736
"952",213,49,43.794596588436
"953",3,50,79.1193282254339
"954",16,50,433.855129041799
"955",49,50,-186.437570480762
"956",50,50,25630.0735736008
"957",52,50,-17480.638833143
"958",102,50,1.99471124573308
"959",109,50,448.274937313008
"960",110,50,16.5712939354291
"961",133,50,-7054.10113627398
"962",137,50,31.1148084221346
"963",139,50,32.3436218844879
"964",140,50,294.237776385063
"965",150,50,45.191923734336
"966",151,50,-3104.9493234976
"967",157,50,156.420546719685
"968",162,50,5.61309502118112
"969",170,50,65.6840703217749
"970",196,50,585.63204754452
"971",11,51,119.205590025058
"972",31,51,5.15603463164673
"973",44,51,1064.83590931034
"974",45,51,4837.10628729975
"975",51,51,18067.7861416106
"976",80,51,16.7768946887095
"977",97,51,-16728.9560125706
"978",99,51,7.21478276759991
"979",112,51,257.331921555343
"980",115,51,503.321415323455
"981",128,51,314.043336103224
"982",141,51,-4877.86436685224
"983",146,51,66.5385729764276
"984",152,51,112.677858020567
"985",158,51,3.11872777519712
"986",166,51,0.310783650895055
"987",188,51,72.8211018925597
"988",189,51,-3841.42497820853
"989",3,52,43.0442265647644
"990",16,52,-2653.3013143999
"991",49,52,528.102631830659
"992",50,52,-17480.638833143
"993",52,52,14309.9919781657
"994",55,52,1298.49258455767
"995",64,52,23.3094092347024
"996",66,52,14.1940015196237
"997",92,52,6.12791914656271
"998",102,52,389.479852105513
"999",109,52,-1350.16507896823
"1000",110,52,63.9885162788681
"1001",133,52,3498.85273579595
"1002",136,52,18.0217453739829
"1003",137,52,16.9277582770358
"1004",139,52,21.1449615347406
"1005",140,52,15.859581512611
"1006",150,52,24.5862982882732
"1007",151,52,1313.63720292169
"1008",157,52,-171.002135722357
"1009",163,52,14.9181564603151
"1010",170,52,-150.166701191194
"1011",196,52,11.8350897178811
"1012",213,52,192.759414138129
"1013",1,53,13.4414298086153
"1014",4,53,3179.6673404427
"1015",5,53,-2845.80342534183
"1016",11,53,7.21582256795781
"1017",15,53,5.27847349237911
"1018",17,53,31.2000857352005
"1019",30,53,-4182.31918499446
"1020",31,53,49.7560265643714
"1021",53,53,2674.87419533739
"1022",61,53,55.3814582339135
"1023",62,53,316.706139591007
"1024",86,53,-118.368085816446
"1025",87,53,1.93365754939344
"1026",94,53,7.16919940795308
"1027",101,53,41.8047435056937
"1028",105,53,2.04705506254836
"1029",111,53,-323.970000982535
"1030",112,53,32.2295232131882
"1031",138,53,327.195159081762
"1032",141,53,15.321808129831
"1033",153,53,25.1602321115901
"1034",154,53,62.4083155370733
"1035",165,53,74.2863313016372
"1036",166,53,1317.46777555495
"1037",182,53,761.502142361599
"1038",183,53,27.3327312315355
"1039",188,53,-1558.91894868701
"1040",15,54,169.436247816314
"1041",43,54,59.8747645188694
"1042",48,54,408.873333229714
"1043",54,54,7335.21209478707
"1044",56,54,987.740393432007
"1045",62,54,5.12729708127579
"1046",83,54,-6011.48190771588
"1047",101,54,4.3438782427644
"1048",105,54,45.3958973261331
"1049",124,54,12.4920989546257
"1050",127,54,61.3462789108206
"1051",153,54,139.400372396753
"1052",195,54,-2148.26672448818
"1053",198,54,-1873.09974773384
"1054",202,54,652.646167850124
"1055",203,54,145.778841650501
"1056",204,54,7.02282084890203
"1057",205,54,-1.84210710797237
"1058",12,55,68.918868150676
"1059",16,55,-63098.9260410919
"1060",52,55,1298.49258455767
"1061",55,55,110480.042935811
"1062",64,55,86.6375627815306
"1063",66,55,409.462653814637
"1064",98,55,1264.36939118071
"1065",102,55,1.58542202726283
"1066",109,55,3159.48714415191
"1067",122,55,1.84800130312514
"1068",136,55,-21690.1097265618
"1069",157,55,-31693.7522524933
"1070",170,55,27.6411500128943
"1071",212,55,-6.11385702755672
"1072",213,55,-315.100900785718
"1073",214,55,5.51706416846268
"1074",43,56,-18105.5724624966
"1075",54,56,987.740393432007
"1076",56,56,251377.327633576
"1077",101,56,13.1887213114642
"1078",105,56,160.549342896674
"1079",124,56,-49347.110821034
"1080",153,56,178.171954306115
"1081",154,56,117.655333019249
"1082",183,56,361.373401745964
"1083",198,56,-188287.24355191
"1084",199,56,1473.50157470873
"1085",204,56,1070.41848044483
"1086",8,57,4.58708451284786
"1087",20,57,4015.18378678269
"1088",39,57,198.785401489106
"1089",57,57,17141.6992609192
"1090",59,57,-936.573470446091
"1091",70,57,87.0294458048249
"1092",84,57,2.81506523007938
"1093",85,57,15.9362023809354
"1094",100,57,15.4659421606768
"1095",107,57,29.5602221910593
"1096",113,57,-208.923397289811
"1097",119,57,74.5499201858323
"1098",120,57,8.08862784157879
"1099",121,57,-61044.1674584159
"1100",132,57,146.820628588545
"1101",167,57,430.94705503688
"1102",169,57,59.9514398920905
"1103",172,57,-1798.56751993021
"1104",176,57,41299.6898287091
"1105",194,57,540.710397984727
"1106",207,57,9.85742516763601
"1107",208,57,-206.698298129245
"1108",209,57,111.667558290201
"1109",210,57,1.58485104325491
"1110",26,58,95.8413328278587
"1111",32,58,3.81738671443891
"1112",36,58,2009.16957600032
"1113",49,58,34.1795131030959
"1114",58,58,4087.63569827461
"1115",65,58,760.104706529254
"1116",73,58,5.62403859932164
"1117",74,58,20.9569268615837
"1118",79,58,0.815614145750091
"1119",81,58,1.83451069191816
"1120",102,58,-66.8189176088895
"1121",109,58,25.6251737622097
"1122",125,58,371.302451823181
"1123",126,58,81.1177246140731
"1124",129,58,10.1795538544842
"1125",133,58,4.88992518274615
"1126",134,58,-3010.57669023219
"1127",139,58,-335.282281881962
"1128",140,58,569.492198921218
"1129",142,58,-22.2525017255425
"1130",143,58,753.97537641376
"1131",159,58,0.568296478140165
"1132",161,58,333.05614855809
"1133",162,58,-845.529249245524
"1134",174,58,-935.622283528303
"1135",178,58,10.9463782984961
"1136",179,58,109.75257725055
"1137",191,58,-4421.54292442335
"1138",196,58,336.158454400454
"1139",212,58,9.74162114302144
"1140",213,58,0.839664197179703
"1141",20,59,15.7339494593458
"1142",23,59,16.7252945294557
"1143",28,59,594.745100454938
"1144",35,59,18.2514704655789
"1145",57,59,-936.573470446091
"1146",59,59,4273.85044538199
"1147",85,59,35.9587351169202
"1148",100,59,1697.11007562085
"1149",107,59,998.31899037159
"1150",113,59,48.501247632604
"1151",118,59,0.0513111778864402
"1152",119,59,-3099.76341071947
"1153",121,59,174.390697735524
"1154",167,59,-3314.03065326772
"1155",172,59,17.3600386509272
"1156",176,59,46.9953484544459
"1157",194,59,196.895738630308
"1158",205,59,0.00673931089893434
"1159",206,59,0.0184313587345721
"1160",207,59,17.5672802561997
"1161",208,59,-777.280910472386
"1162",209,59,-24.8324497025366
"1163",2,60,6.95225307808043
"1164",17,60,9.0925281613743
"1165",21,60,-5136.24831399065
"1166",38,60,-887.483645625675
"1167",41,60,17.9061742160053
"1168",46,60,35.2856229958889
"1169",60,60,8987.59945624706
"1170",61,60,-4875.08879697576
"1171",67,60,-505.900357500959
"1172",69,60,21.8530681213273
"1173",72,60,46.2215839834784
"1174",75,60,11.2505341072064
"1175",80,60,2.16517854934646
"1176",82,60,1451.84868982361
"1177",86,60,317.367894133126
"1178",94,60,-1.44272225448537
"1179",138,60,74.2018093873846
"1180",164,60,25.6269280070771
"1181",182,60,288.247333691942
"1182",184,60,110.544781844612
"1183",2,61,2.08332711510327
"1184",5,61,366.308646854411
"1185",17,61,216.299739738265
"1186",21,61,767.456636273983
"1187",38,61,55.4076633559853
"1188",41,61,5.36580269058142
"1189",46,61,0.910651271020105
"1190",53,61,55.3814582339135
"1191",60,61,-4875.08879697576
"1192",61,61,4860.70299160655
"1193",62,61,8.25972468454075
"1194",67,61,621.42494050104
"1195",72,61,23.333037414498
"1196",80,61,0.64882206246423
"1197",82,61,0.641609760653301
"1198",86,61,-1126.08249748224
"1199",87,61,47.3618584020772
"1200",91,61,0.0511368690705522
"1201",94,61,90.9731996083373
"1202",138,61,16.5007322291219
"1203",164,61,12.2256417851855
"1204",166,61,117.109078968665
"1205",182,61,-1336.50463013521
"1206",184,61,52.7367503307648
"1207",188,61,16.4924748369762
"1208",4,62,-1797.07471934898
"1209",5,62,-2123.98997131612
"1210",15,62,-208.150380200598
"1211",30,62,1017.59029901312
"1212",31,62,5.51024569359984
"1213",38,62,13.522547513778
"1214",43,62,711.802047495785
"1215",53,62,316.706139591007
"1216",54,62,5.12729708127579
"1217",61,62,8.25972468454075
"1218",62,62,3446.29990393186
"1219",72,62,2.45265912974709
"1220",86,62,2.71332210229563
"1221",87,62,-76.0261875964384
"1222",91,62,81.2468457617781
"1223",105,62,718.063130358781
"1224",111,62,56.6012644550159
"1225",127,62,35.3292369263306
"1226",138,62,-152.796315670422
"1227",153,62,-1764.2106576021
"1228",154,62,563.663464980361
"1229",156,62,15.2653811441882
"1230",182,62,769.5227319176
"1231",183,62,-1743.99728855012
"1232",188,62,8.88061271316143
"1233",195,62,29.4062517274772
"1234",198,62,58.2824140630723
"1235",0,63,5.39920210279634
"1236",12,63,-224.837961917094
"1237",19,63,20.3360957392032
"1238",25,63,-15296.1766322803
"1239",34,63,1738.61203164915
"1240",47,63,-554.277828372652
"1241",63,63,16535.4664122617
"1242",66,63,128.298568175006
"1243",96,63,-38.8875737087525
"1244",98,63,82.274029120513
"1245",106,63,1566.69405224106
"1246",108,63,923.224990995303
"1247",122,63,106.429464071445
"1248",136,63,2.32515761596174
"1249",173,63,-5728.65782540229
"1250",200,63,696.361461670945
"1251",213,63,9.71116965645398
"1252",214,63,1.80668577042612
"1253",215,63,25.8985006111089
"1254",13,64,505.507799993861
"1255",16,64,59.4439019694884
"1256",19,64,49.4007530682979
"1257",47,64,926.886420651726
"1258",52,64,23.3094092347024
"1259",55,64,86.6375627815306
"1260",64,64,12002.6516994187
"1261",66,64,-3821.67322154036
"1262",71,64,4.19386162839742
"1263",75,64,15.1056438747608
"1264",89,64,4.56416036225353
"1265",92,64,2473.53760354557
"1266",96,64,4.75056208859531
"1267",98,64,174.16820317722
"1268",108,64,-211.745342664575
"1269",110,64,902.429942959433
"1270",136,64,150.272987514686
"1271",151,64,46.0200325807213
"1272",157,64,-205.754097026435
"1273",163,64,-12387.5986317812
"1274",170,64,-840.270849932234
"1275",173,64,38.1615980948116
"1276",27,65,7.58034075530131
"1277",32,65,100.520452231172
"1278",36,65,-44737.6536490461
"1279",58,65,760.104706529254
"1280",65,65,30997.4243431591
"1281",74,65,-6055.13977806107
"1282",79,65,217.796422581785
"1283",102,65,0.520683381087318
"1284",116,65,195.184381672896
"1285",125,65,160.047642919548
"1286",129,65,255.260258488931
"1287",130,65,10.6382561566584
"1288",134,65,6.88180042676418
"1289",139,65,0.199338070725168
"1290",142,65,-2467.04740871368
"1291",143,65,6754.16799957824
"1292",159,65,16.7968066367479
"1293",161,65,89.6472296535415
"1294",162,65,3.73149876811907
"1295",174,65,8.52798326205333
"1296",186,65,957.347166582255
"1297",187,65,7.82417162753849
"1298",191,65,12709.6393533391
"1299",12,66,733.198796828608
"1300",13,66,101.57388045438
"1301",16,66,136.438413881649
"1302",19,66,2.7467087384325
"1303",47,66,-5067.00916596525
"1304",52,66,14.1940015196237
"1305",55,66,409.462653814637
"1306",63,66,128.298568175006
"1307",64,66,-3821.67322154036
"1308",66,66,8508.87671577659
"1309",96,66,0.549570958320388
"1310",98,66,-1768.15893690446
"1311",108,66,30.9565638775266
"1312",136,66,-10.5976562296095
"1313",157,66,-666.737733795991
"1314",163,66,734.630405518581
"1315",170,66,439.963354966669
"1316",173,66,56.2595029381478
"1317",213,66,37.0275769875027
"1318",13,67,4.16764244509046
"1319",21,67,-6339.30495878444
"1320",29,67,146.322923940419
"1321",38,67,-182.650349557575
"1322",40,67,228.01396179679
"1323",41,67,74.1809611991459
"1324",42,67,0.896590373192677
"1325",46,67,-451.315013325619
"1326",60,67,-505.900357500959
"1327",61,67,621.42494050104
"1328",67,67,6303.70441321564
"1329",69,67,-274.852744091738
"1330",71,67,134.696820012298
"1331",72,67,25.4365995179369
"1332",75,67,-61.8653246110507
"1333",76,67,106.104949439632
"1334",77,67,159.257079755404
"1335",82,67,-615.318875628188
"1336",89,67,5.80688735118753
"1337",94,67,436.007828360062
"1338",138,67,9.62333095496933
"1339",144,67,5.63161818284075
"1340",145,67,39.2825614012132
"1341",164,67,14.1029763243082
"1342",175,67,3.23976486699916
"1343",184,67,113.305773861402
"1344",1,68,75.6364405166766
"1345",22,68,-1591.53706404578
"1346",23,68,506.677234216481
"1347",35,68,192.552874422024
